Calculation time:   0.000209 s
Memory usage:       0.001236 MiB
Calculation method: Jacobi
Interlines:         0
Termination:        Number of iterations
Number iterations:  85
Error precision:    9.971921e-05

Matrix:
 0.0000 0.0000 0.0000 0.0000 0.0000 0.0000 0.0000 0.0000 0.0000
 0.0000 0.1482 0.2738 0.3577 0.3872 0.3577 0.2738 0.1482 0.0000
 0.0000 0.2738 0.5059 0.6610 0.7154 0.6610 0.5059 0.2738 0.0000
 0.0000 0.3577 0.6610 0.8636 0.9347 0.8636 0.6610 0.3577 0.0000
 0.0000 0.3872 0.7154 0.9347 1.0117 0.9347 0.7154 0.3872 0.0000
 0.0000 0.3577 0.6610 0.8636 0.9347 0.8636 0.6610 0.3577 0.0000
 0.0000 0.2738 0.5059 0.6610 0.7154 0.6610 0.5059 0.2738 0.0000
 0.0000 0.1482 0.2738 0.3577 0.3872 0.3577 0.2738 0.1482 0.0000
 0.0000 0.0000 0.0000 0.0000 0.0000 0.0000 0.0000 0.0000 0.0000
